weight
4.919124022126197815e-02
5.000468716025352478e-02
4.964868724346160889e-02
4.998942464590072632e-02
4.937847703695297241e-02
5.010964721441268921e-02
5.127459764480590820e-02
4.894091561436653137e-02
4.818119481205940247e-02
4.840376228094100952e-02
4.948134720325469971e-02
4.828112572431564331e-02
4.919624328613281250e-02
4.885259270668029785e-02
4.864936694502830505e-02
4.710160568356513977e-02
5.019671469926834106e-02
4.820481687784194946e-02
4.767323657870292664e-02
4.859919846057891846e-02
5.137367919087409973e-02
4.871338978409767151e-02
4.902150854468345642e-02
5.150187015533447266e-02
5.131131783127784729e-02
5.182731524109840393e-02
5.136239156126976013e-02
4.933622851967811584e-02
4.953251034021377563e-02
5.103065446019172668e-02
4.947040230035781860e-02
4.703364893794059753e-02
4.975614324212074280e-02
4.921965301036834717e-02
4.938314482569694519e-02
4.843589663505554199e-02
4.919534549117088318e-02
4.830360785126686096e-02
4.958105087280273438e-02
4.900142550468444824e-02
4.829051345586776733e-02
5.197735875844955444e-02
5.153388530015945435e-02
4.930824413895606995e-02
4.950618371367454529e-02
4.957607761025428772e-02
4.859822988510131836e-02
4.931465536355972290e-02
4.925375431776046753e-02
4.854305461049079895e-02
4.838418215513229370e-02
4.931459948420524597e-02
5.142375081777572632e-02
5.140938237309455872e-02
4.895037785172462463e-02
4.881734400987625122e-02
5.091966688632965088e-02
4.818308353424072266e-02
5.083079263567924500e-02
5.191456899046897888e-02
4.885676503181457520e-02
5.090957880020141602e-02
4.783361777663230896e-02
4.989287257194519043e-02
4.866111651062965393e-02
4.877198114991188049e-02
4.978751018643379211e-02
4.831476509571075439e-02
4.932251572608947754e-02
4.974063858389854431e-02
5.207522585988044739e-02
4.901183769106864929e-02
4.792498424649238586e-02
4.913845285773277283e-02
5.141542106866836548e-02
4.911617189645767212e-02
4.825382307171821594e-02
4.875576123595237732e-02
4.938308522105216980e-02
4.934804514050483704e-02
4.905821382999420166e-02
4.875245317816734314e-02
4.900418221950531006e-02
4.924837872385978699e-02
5.071579664945602417e-02
4.957108199596405029e-02
4.925242066383361816e-02
5.103095620870590210e-02
5.104451999068260193e-02
5.159486085176467896e-02
4.908581823110580444e-02
4.829867556691169739e-02
5.130179226398468018e-02
5.112216249108314514e-02
5.111663788557052612e-02
4.930244013667106628e-02
4.873510822653770447e-02
4.959283024072647095e-02
4.758882895112037659e-02
4.792130738496780396e-02
5.167181044816970825e-02
4.906483739614486694e-02
5.003448203206062317e-02
4.895643889904022217e-02
5.123736709356307983e-02
4.952459409832954407e-02
4.915915429592132568e-02
4.960604012012481689e-02
5.036062374711036682e-02
5.115534365177154541e-02
4.997135698795318604e-02
5.081201344728469849e-02
5.155131220817565918e-02
4.905350133776664734e-02
4.902377724647521973e-02
4.984505847096443176e-02
5.106854811310768127e-02
5.132248625159263611e-02
4.917083680629730225e-02
4.900014400482177734e-02
4.768725857138633728e-02
4.882825911045074463e-02
4.884799569845199585e-02
4.896238073706626892e-02
4.897999018430709839e-02
4.840263351798057556e-02
4.957145825028419495e-02
4.931415989995002747e-02
4.864039272069931030e-02
4.806662723422050476e-02
5.117011442780494690e-02
4.768082872033119202e-02
4.834737628698348999e-02
4.921866953372955322e-02
4.710035771131515503e-02
5.184252932667732239e-02
4.929001629352569580e-02
4.850066825747489929e-02
4.797666892409324646e-02
4.701152816414833069e-02
5.154824629426002502e-02
5.099442973732948303e-02
4.870145767927169800e-02
4.893609881401062012e-02
5.193962901830673218e-02
5.154284834861755371e-02
5.116940662264823914e-02
5.070770531892776489e-02
5.007366836071014404e-02
5.164300277829170227e-02
4.884277656674385071e-02
5.086463317275047302e-02
5.142803490161895752e-02
4.822186753153800964e-02
4.875555634498596191e-02
4.938234761357307434e-02
4.992754384875297546e-02
4.880820959806442261e-02
4.893852770328521729e-02
5.137940496206283569e-02
5.089679360389709473e-02
4.898583516478538513e-02
5.108654126524925232e-02
4.879729822278022766e-02
5.090031027793884277e-02
4.949993640184402466e-02
5.130368471145629883e-02
4.870133474469184875e-02
5.124415084719657898e-02
5.096436664462089539e-02
4.953769221901893616e-02
5.086515843868255615e-02
5.173513665795326233e-02
5.209640413522720337e-02
4.895352199673652649e-02
5.110707879066467285e-02
4.969466477632522583e-02
5.109772831201553345e-02
4.824392497539520264e-02
5.133025720715522766e-02
5.111236497759819031e-02
4.748696088790893555e-02
4.819121956825256348e-02
4.802250489592552185e-02
4.866153746843338013e-02
4.869752377271652222e-02
4.893542081117630005e-02
4.885312914848327637e-02
5.211768299341201782e-02
4.735792055726051331e-02
4.952465370297431946e-02
4.916640743613243103e-02
4.959290847182273865e-02
4.949740692973136902e-02
5.228069797158241272e-02
4.923991486430168152e-02
4.893843829631805420e-02
4.897852241992950439e-02
4.919935390353202820e-02
4.902219772338867188e-02
4.916012287139892578e-02
4.927578940987586975e-02
4.916267842054367065e-02
4.840176552534103394e-02
5.046548321843147278e-02
4.901124164462089539e-02
5.078337341547012329e-02
5.195105448365211487e-02
4.855902865529060364e-02
4.910564422607421875e-02
4.910702258348464966e-02
4.931580647826194763e-02
5.142259597778320312e-02
4.929603263735771179e-02
5.029594898223876953e-02
5.125946179032325745e-02
4.839770868420600891e-02
4.894256219267845154e-02
4.908337444067001343e-02
4.839062690734863281e-02
5.134537816047668457e-02
4.903105273842811584e-02
4.794760793447494507e-02
4.935317859053611755e-02
5.118157342076301575e-02
4.792084544897079468e-02
4.920459538698196411e-02
4.791148006916046143e-02
4.929518699645996094e-02
4.959221184253692627e-02
4.855020344257354736e-02
4.822514206171035767e-02
5.084490776062011719e-02
5.158220976591110229e-02
4.907213523983955383e-02
4.967549070715904236e-02
4.957303404808044434e-02
5.124954506754875183e-02
4.874647408723831177e-02
4.905668646097183228e-02
4.942267015576362610e-02
5.106192827224731445e-02
4.917190968990325928e-02
5.134152248501777649e-02
4.729761183261871338e-02
4.840791597962379456e-02
5.122084170579910278e-02
4.860182106494903564e-02
4.807017743587493896e-02
5.182076990604400635e-02
5.020824819803237915e-02
4.947641864418983459e-02
4.881441593170166016e-02
5.178356543183326721e-02
5.149402841925621033e-02
5.165909603238105774e-02
4.904065281152725220e-02
5.118852853775024414e-02
5.094831064343452454e-02
4.728142917156219482e-02
4.927337169647216797e-02
5.088216066360473633e-02
4.870291426777839661e-02
5.097094923257827759e-02
5.117880925536155701e-02
5.160219967365264893e-02
4.882335662841796875e-02
4.788206517696380615e-02
4.849301278591156006e-02
4.982375353574752808e-02
4.772670939564704895e-02
4.935316741466522217e-02
4.887624457478523254e-02
4.875794798135757446e-02
4.922851547598838806e-02
4.880145937204360962e-02
5.101503059267997742e-02
5.101740732789039612e-02
4.922635108232498169e-02
4.968269914388656616e-02
4.923407360911369324e-02
4.878964275121688843e-02
4.963673651218414307e-02
4.929530248045921326e-02
5.136198177933692932e-02
4.901131615042686462e-02
4.933110624551773071e-02
4.873774573206901550e-02
4.983443394303321838e-02
4.938544332981109619e-02
4.801364615559577942e-02
4.572483524680137634e-02
4.928142577409744263e-02
4.972461238503456116e-02
5.060959234833717346e-02
5.143957212567329407e-02
5.117136985063552856e-02
4.848143830895423889e-02
4.933355376124382019e-02
5.117093771696090698e-02
5.124228820204734802e-02
4.894079267978668213e-02
4.941459372639656067e-02
4.848081991076469421e-02
4.960675910115242004e-02
4.887007921934127808e-02
4.951728507876396179e-02
4.952553659677505493e-02
4.898068308830261230e-02
4.717245325446128845e-02
4.919796064496040344e-02
4.954316839575767517e-02
4.772786051034927368e-02
4.895291477441787720e-02
5.121338367462158203e-02
5.151191353797912598e-02
4.897205904126167297e-02
4.867271706461906433e-02
5.144681036472320557e-02
5.038223788142204285e-02
4.736696928739547729e-02
5.143533647060394287e-02
4.890585318207740784e-02
4.915533587336540222e-02
5.070016533136367798e-02
4.746200516819953918e-02
4.911680147051811218e-02
4.893412441015243530e-02
4.879292473196983337e-02
5.023860186338424683e-02
4.941378533840179443e-02
4.913221672177314758e-02
5.117428675293922424e-02
4.888884350657463074e-02
5.098320171236991882e-02
4.900827631354331970e-02
4.942597821354866028e-02
4.943777993321418762e-02
5.110611766576766968e-02
4.692168161273002625e-02
5.154751241207122803e-02
5.069670826196670532e-02
5.174481868743896484e-02
5.344102159142494202e-02
5.096871033310890198e-02
4.675399512052536011e-02
4.973180592060089111e-02
4.910370334982872009e-02
5.154830962419509888e-02
5.087044090032577515e-02
5.097491294145584106e-02
4.891527444124221802e-02
5.139053612947463989e-02
5.093062296509742737e-02
4.939957708120346069e-02
4.913520067930221558e-02
5.118677020072937012e-02
4.843431711196899414e-02
4.966187104582786560e-02
4.737820848822593689e-02
4.896480590105056763e-02
4.934187605977058411e-02
4.941399767994880676e-02
5.054266750812530518e-02
5.134283751249313354e-02
4.875303059816360474e-02
4.819091781973838806e-02
5.147080123424530029e-02
4.926542192697525024e-02
4.917779564857482910e-02
4.916967079043388367e-02
4.903269931674003601e-02
5.090190842747688293e-02
5.152107402682304382e-02
5.113153159618377686e-02
4.714524000883102417e-02
4.894509166479110718e-02
5.040920898318290710e-02
4.893048480153083801e-02
4.677296429872512817e-02
5.105654895305633545e-02
4.888733476400375366e-02
4.779687151312828064e-02
5.149478837847709656e-02
4.959960654377937317e-02
4.897918179631233215e-02
5.078844726085662842e-02
5.101568251848220825e-02
4.921723902225494385e-02
4.872697591781616211e-02
4.912419244647026062e-02
4.926091432571411133e-02
4.773136973381042480e-02
5.105401948094367981e-02
4.907527193427085876e-02
4.877132549881935120e-02
5.074485018849372864e-02
4.811554402112960815e-02
5.091780051589012146e-02
4.889322817325592041e-02
4.873821511864662170e-02
5.067376792430877686e-02
5.111599341034889221e-02
4.932089522480964661e-02
5.135375633835792542e-02
5.000000074505805969e-02
4.934818670153617859e-02
5.036062374711036682e-02
4.917323589324951172e-02
4.970835149288177490e-02
4.976765066385269165e-02
5.085691809654235840e-02
4.901509359478950500e-02
4.651039093732833862e-02
5.118483304977416992e-02
5.196221172809600830e-02
5.079950392246246338e-02
5.154967308044433594e-02
4.926429688930511475e-02
5.110736191272735596e-02
4.970904812216758728e-02
4.772134497761726379e-02
4.921497777104377747e-02
4.905436187982559204e-02
5.006181076169013977e-02
4.812883213162422180e-02
4.941580072045326233e-02
4.844634979963302612e-02
5.081697180867195129e-02
4.876250401139259338e-02
4.893938824534416199e-02
5.094398930668830872e-02
4.863029718399047852e-02
4.904556274414062500e-02
5.192797631025314331e-02
4.864665493369102478e-02
4.956835135817527771e-02
4.854742437601089478e-02
5.088072270154953003e-02
4.860838875174522400e-02
4.894737154245376587e-02
4.835963249206542969e-02
4.968174546957015991e-02
4.880088567733764648e-02
5.167487636208534241e-02
4.984978958964347839e-02
4.976559802889823914e-02
4.769896343350410461e-02
4.806825146079063416e-02
4.786961525678634644e-02
4.721550643444061279e-02
4.847681149840354919e-02
5.107532069087028503e-02
4.887256398797035217e-02
4.845895245671272278e-02
4.825186729431152344e-02
4.889011383056640625e-02
4.896232858300209045e-02
5.088176950812339783e-02
4.948661103844642639e-02
4.833619669079780579e-02
4.919746518135070801e-02
4.957259446382522583e-02
4.869202896952629089e-02
4.895048588514328003e-02
4.916612058877944946e-02
4.990287497639656067e-02
5.218451842665672302e-02
4.869214817881584167e-02
5.142409726977348328e-02
5.130340903997421265e-02
5.149129405617713928e-02
4.963044077157974243e-02
5.129125714302062988e-02
5.057209357619285583e-02
4.890802130103111267e-02
4.900339245796203613e-02
4.811846837401390076e-02
5.115054175257682800e-02
4.873434454202651978e-02
4.860808700323104858e-02
5.183980613946914673e-02
5.153290554881095886e-02
4.949139431118965149e-02
4.909629002213478088e-02
4.765947535634040833e-02
4.965184256434440613e-02
4.927321895956993103e-02
4.824543371796607971e-02
4.947319999337196350e-02
4.954612255096435547e-02
5.093615129590034485e-02
4.737489297986030579e-02
4.937151446938514709e-02
4.916809871792793274e-02
4.939175769686698914e-02
4.761800169944763184e-02
4.826995730400085449e-02
5.132329463958740234e-02
4.939832538366317749e-02
4.869522154331207275e-02
5.181434378027915955e-02
5.179566144943237305e-02
5.183409154415130615e-02
5.000000074505805969e-02
4.818712174892425537e-02
5.082052573561668396e-02
4.849523678421974182e-02
5.126793310046195984e-02
4.965318739414215088e-02
4.944132268428802490e-02
5.170790478587150574e-02
5.120229348540306091e-02
4.928842559456825256e-02
5.078991875052452087e-02
4.905355721712112427e-02
5.016709864139556885e-02
4.936710000038146973e-02
4.795439168810844421e-02
5.243451520800590515e-02
5.000396817922592163e-02
5.154891684651374817e-02
4.898007586598396301e-02
4.904484748840332031e-02
4.862973466515541077e-02
4.903702437877655029e-02
4.939008131623268127e-02
4.890419170260429382e-02
4.802229255437850952e-02
4.777564108371734619e-02
5.192496627569198608e-02
4.912770166993141174e-02
4.788074269890785217e-02
5.188024044036865234e-02
5.113751441240310669e-02
5.187734961509704590e-02
4.935098811984062195e-02
4.927051439881324768e-02
4.861123114824295044e-02
4.953122511506080627e-02
4.937839880585670471e-02
5.086811259388923645e-02
5.150781199336051941e-02
5.093663185834884644e-02
4.803933948278427124e-02
5.000866204500198364e-02
4.909542948007583618e-02
4.881951212882995605e-02
4.898002743721008301e-02
4.915461316704750061e-02
5.147978663444519043e-02
4.873799905180931091e-02
4.909204691648483276e-02
5.114233866333961487e-02
4.907749593257904053e-02
5.109985172748565674e-02
5.164050310850143433e-02
4.893245920538902283e-02
4.917406290769577026e-02
4.710461571812629700e-02
4.895728826522827148e-02
5.150031298398971558e-02
5.142388865351676941e-02
4.964433610439300537e-02
4.901922121644020081e-02
5.116056278347969055e-02
4.936634749174118042e-02
5.172759667038917542e-02
4.937036707997322083e-02
5.015272647142410278e-02
4.908634349703788757e-02
4.892376810312271118e-02
5.010563507676124573e-02
5.127048119902610779e-02
5.050687491893768311e-02
4.861443489789962769e-02
5.106668546795845032e-02
5.097496882081031799e-02
5.112236365675926208e-02
5.115573480725288391e-02
5.144147202372550964e-02
4.729354381561279297e-02
4.766561836004257202e-02
4.914746060967445374e-02
4.893781244754791260e-02
4.825897142291069031e-02
5.131454020738601685e-02
4.958761110901832581e-02
4.786947742104530334e-02
4.907342419028282166e-02
4.885859787464141846e-02
5.152634903788566589e-02
4.840638116002082825e-02
4.754063859581947327e-02
5.097731947898864746e-02
5.083123221993446350e-02
4.848992824554443359e-02
4.812084138393402100e-02
5.131746456027030945e-02
4.926226288080215454e-02
4.881493002176284790e-02
5.019245669245719910e-02
4.785014316439628601e-02
5.123058706521987915e-02
4.910370707511901855e-02
5.093010514974594116e-02
5.084865912795066833e-02
5.153059214353561401e-02
4.981359466910362244e-02
5.099000409245491028e-02
4.876856133341789246e-02
4.831965640187263489e-02
4.872544854879379272e-02
4.939887672662734985e-02
5.154836922883987427e-02
5.005772039294242859e-02
5.215764045715332031e-02
4.928022250533103943e-02
4.977513104677200317e-02
4.920145124197006226e-02
4.956265538930892944e-02
5.118150636553764343e-02
5.167265236377716064e-02
4.926385730504989624e-02
5.099382251501083374e-02
4.945942014455795288e-02
4.980688914656639099e-02
4.908647015690803528e-02
5.204369500279426575e-02
5.021144449710845947e-02
4.808144643902778625e-02
5.125678330659866333e-02
4.934982955455780029e-02
5.145950242877006531e-02
5.115385726094245911e-02
4.955272376537322998e-02
4.783379286527633667e-02
5.121473222970962524e-02
4.884245991706848145e-02
5.116113647818565369e-02
4.893141612410545349e-02
5.061960592865943909e-02
4.892065748572349548e-02
4.915991798043251038e-02
5.012375488877296448e-02
4.816323146224021912e-02
4.975179955363273621e-02
4.864298552274703979e-02
5.000000074505805969e-02
4.746971651911735535e-02
4.940601065754890442e-02
4.869518801569938660e-02
5.181226134300231934e-02
5.162854865193367004e-02
4.892072454094886780e-02
4.943437874317169189e-02
4.907927289605140686e-02
4.887547343969345093e-02
4.901573807001113892e-02
4.820225387811660767e-02
4.877351969480514526e-02
5.087392404675483704e-02
4.755974933505058289e-02
5.136286467313766479e-02
5.112763121724128723e-02
4.874537512660026550e-02
4.934777319431304932e-02
4.879125952720642090e-02
5.063090100884437561e-02
4.977902770042419434e-02
5.135829374194145203e-02
4.962348565459251404e-02
5.000000074505805969e-02
4.909488558769226074e-02
5.034403130412101746e-02
5.108994245529174805e-02
5.015095323324203491e-02
4.983913898468017578e-02
4.886088520288467407e-02
4.830716922879219055e-02
5.112918466329574585e-02
5.155893415212631226e-02
4.886997491121292114e-02
4.878179728984832764e-02
4.956533387303352356e-02
5.119971558451652527e-02
4.941326379776000977e-02
5.127435922622680664e-02
5.124235153198242188e-02
4.719953238964080811e-02
5.099190399050712585e-02
4.957584664225578308e-02
4.887652769684791565e-02
4.880919679999351501e-02
4.931769147515296936e-02
5.154452472925186157e-02
5.002172291278839111e-02
4.933911561965942383e-02
5.170468240976333618e-02
4.834196344017982483e-02
4.928418248891830444e-02
4.852528497576713562e-02
5.143464356660842896e-02
4.837667196989059448e-02
5.143567919731140137e-02
5.196711048483848572e-02
4.963390156626701355e-02
4.914923012256622314e-02
4.808729141950607300e-02
4.784077033400535583e-02
4.862124100327491760e-02
4.938905686140060425e-02
4.970311746001243591e-02
4.988482221961021423e-02
5.131861194968223572e-02
4.875328391790390015e-02
4.973004013299942017e-02
5.012748390436172485e-02
4.906181246042251587e-02
5.135639384388923645e-02
4.924391210079193115e-02
4.894671961665153503e-02
4.960298165678977966e-02
4.905736073851585388e-02
5.169142410159111023e-02
4.799076169729232788e-02
4.834326356649398804e-02
5.092112347483634949e-02
4.949099943041801453e-02
4.829163104295730591e-02
4.928487911820411682e-02
4.893533885478973389e-02
5.062237009406089783e-02
4.907217621803283691e-02
4.979709535837173462e-02
4.942509159445762634e-02
4.896012693643569946e-02
4.922937229275703430e-02
4.931214079260826111e-02
5.143161118030548096e-02
4.791729897260665894e-02
5.129850283265113831e-02
5.150241777300834656e-02
4.999672248959541321e-02
4.902757704257965088e-02
4.953538998961448669e-02
5.135727301239967346e-02
4.912577196955680847e-02
4.902318120002746582e-02
5.176371708512306213e-02
5.148619785904884338e-02
4.820375144481658936e-02
4.875300452113151550e-02
5.090808495879173279e-02
4.922731593251228333e-02
4.943019524216651917e-02
4.928423836827278137e-02
5.203684046864509583e-02
4.874201491475105286e-02
4.888036847114562988e-02
5.094775184988975525e-02
4.879914596676826477e-02
4.908115416765213013e-02
4.841337725520133972e-02
4.819749668240547180e-02
4.936534911394119263e-02
4.921830818057060242e-02
4.930749535560607910e-02
4.776365309953689575e-02
4.893856868147850037e-02
4.919889941811561584e-02
4.946102946996688843e-02
4.809743911027908325e-02
5.132784694433212280e-02
4.952482134103775024e-02
4.904054477810859680e-02
5.090723931789398193e-02
4.920678585767745972e-02
4.921891540288925171e-02
4.891100525856018066e-02
4.929879680275917053e-02
4.877582937479019165e-02
4.992001503705978394e-02
4.854974895715713501e-02
4.923873022198677063e-02
4.905303195118904114e-02
5.041421577334403992e-02
4.914642870426177979e-02
4.867844656109809875e-02
5.159191042184829712e-02
4.733933135867118835e-02
4.915274307131767273e-02
5.120969563722610474e-02
5.103911831974983215e-02
4.871501028537750244e-02
4.858023673295974731e-02
4.958684742450714111e-02
4.876326024532318115e-02
4.951608180999755859e-02
5.133715271949768066e-02
4.890254884958267212e-02
5.041237920522689819e-02
4.927410557866096497e-02
4.880439862608909607e-02
4.945813491940498352e-02
5.006612092256546021e-02
5.129073932766914368e-02
5.165905132889747620e-02
5.072774738073348999e-02
5.164420604705810547e-02
4.936027899384498596e-02
5.099317431449890137e-02
4.829377308487892151e-02
4.967040568590164185e-02
4.881165921688079834e-02
4.837090149521827698e-02
5.139713361859321594e-02
4.938751459121704102e-02
4.984143003821372986e-02
5.142576247453689575e-02
5.097048357129096985e-02
4.887245967984199524e-02
4.986654594540596008e-02
5.240067094564437866e-02
5.126993358135223389e-02
4.784676805138587952e-02
5.119266733527183533e-02
4.968805983662605286e-02
4.928163811564445496e-02
4.846091195940971375e-02
4.826027899980545044e-02
4.771274328231811523e-02
4.791902378201484680e-02
5.217931419610977173e-02
4.900980740785598755e-02
4.855341091752052307e-02
5.132677778601646423e-02
4.823468253016471863e-02
4.925132542848587036e-02
4.917942360043525696e-02
5.076178908348083496e-02
4.830235242843627930e-02
5.160890519618988037e-02
4.896349832415580750e-02
4.933527112007141113e-02
5.133438855409622192e-02
4.790673777461051941e-02
4.850644245743751526e-02
4.791923984885215759e-02
4.867677763104438782e-02
4.779742285609245300e-02
4.955153539776802063e-02
4.950248077511787415e-02
5.150402337312698364e-02
5.197702720761299133e-02
5.121779441833496094e-02
5.105769634246826172e-02
4.894912987947463989e-02
4.869836196303367615e-02
4.834055900573730469e-02
4.962394014000892639e-02
4.958707466721534729e-02
5.144431442022323608e-02
5.119990929961204529e-02
5.213794112205505371e-02
5.144295841455459595e-02
5.106706917285919189e-02
5.163099989295005798e-02
4.807069897651672363e-02
4.903364926576614380e-02
4.892605170607566833e-02
4.785065725445747375e-02
4.955423623323440552e-02
5.155635625123977661e-02
4.919962957501411438e-02
5.124778300523757935e-02
5.193687602877616882e-02
4.762345552444458008e-02
4.689249396324157715e-02
5.136531218886375427e-02
5.097198113799095154e-02
5.087114870548248291e-02
4.994656145572662354e-02
4.909987002611160278e-02
5.158443376421928406e-02
4.958004131913185120e-02
4.956474527716636658e-02
4.843396693468093872e-02
4.913290962576866150e-02
4.844885319471359253e-02
4.922183230519294739e-02
5.169598013162612915e-02
5.094506964087486267e-02
5.090697109699249268e-02
4.874560609459877014e-02
4.613403230905532837e-02
4.863340035080909729e-02
4.929250478744506836e-02
5.085812136530876160e-02
5.161146447062492371e-02
5.119536817073822021e-02
4.900569096207618713e-02
4.884634166955947876e-02
4.914549738168716431e-02
5.079062655568122864e-02
5.083155632019042969e-02
4.906915128231048584e-02
4.826596379280090332e-02
4.946877434849739075e-02
4.751816019415855408e-02
5.130549520254135132e-02
4.891719296574592590e-02
4.903344064950942993e-02
5.162921920418739319e-02
4.907274991273880005e-02
5.122641846537590027e-02
5.087460950016975403e-02
5.150577798485755920e-02
4.925157129764556885e-02
4.926910251379013062e-02
4.915776848793029785e-02
4.919995367527008057e-02
4.920743778347969055e-02
4.694865643978118896e-02
4.898699000477790833e-02
4.965014010667800903e-02
5.126943066716194153e-02
4.947911947965621948e-02
5.090361833572387695e-02
4.963632673025131226e-02
5.214817821979522705e-02
5.106144770979881287e-02
4.921501129865646362e-02
4.931566119194030762e-02
5.130332335829734802e-02
4.893632605671882629e-02
4.910289868712425232e-02
5.019550397992134094e-02
4.837773740291595459e-02
5.154559016227722168e-02
5.132956802845001221e-02
5.166435241699218750e-02
5.006914585828781128e-02
5.109887942671775818e-02
4.940661415457725525e-02
4.846525192260742188e-02
4.913470149040222168e-02
4.896524921059608459e-02
4.855789244174957275e-02
4.943793267011642456e-02
5.003524944186210632e-02
5.119022354483604431e-02
5.112420395016670227e-02
4.993148893117904663e-02
5.136504024267196655e-02
5.149485915899276733e-02
4.895658046007156372e-02
5.085532367229461670e-02
4.933207109570503235e-02
4.933649301528930664e-02
4.865416139364242554e-02
4.876897484064102173e-02
4.874488711357116699e-02
5.152479186654090881e-02
5.118035525083541870e-02
4.929996654391288757e-02
4.713187366724014282e-02
4.872270673513412476e-02
4.864827543497085571e-02
5.141281709074974060e-02
4.901408031582832336e-02
4.799770936369895935e-02
4.922773316502571106e-02
5.142618715763092041e-02
4.873109236359596252e-02
4.826339334249496460e-02
4.925959184765815735e-02
4.976713657379150391e-02
4.775770008563995361e-02
5.095197632908821106e-02
4.812269657850265503e-02
4.925248026847839355e-02
4.794042184948921204e-02
4.913217201828956604e-02
4.931285977363586426e-02
4.962170124053955078e-02
4.771541431546211243e-02
5.127633363008499146e-02
5.107784643769264221e-02
4.880715161561965942e-02
4.948702827095985413e-02
5.129200220108032227e-02
4.911623522639274597e-02
5.110974609851837158e-02
4.901078715920448303e-02
4.945711418986320496e-02
4.820775613188743591e-02
4.915263876318931580e-02
5.034614354372024536e-02
5.119216442108154297e-02
4.889653623104095459e-02
5.108818411827087402e-02
4.883970692753791809e-02
4.920789599418640137e-02
5.151740089058876038e-02
4.915339127182960510e-02
5.142962932586669922e-02
4.882276058197021484e-02
5.115449428558349609e-02
4.900096356868743896e-02
4.944421350955963135e-02
4.739397391676902771e-02
5.135325714945793152e-02
5.075608566403388977e-02
4.971598461270332336e-02
4.863795265555381775e-02
5.000000074505805969e-02
4.833412542939186096e-02
5.091402307152748108e-02
5.114011839032173157e-02
5.209251120686531067e-02
4.833022132515907288e-02
4.776784032583236694e-02
5.135263875126838684e-02
